50 0.028676021000137553 5 0.028118834999986575 0.029544144000283268 0.028295449999859557 0.02929667900025379 0.028124997000304575
100 0.22723665079993224 5 0.22390312300012738 0.2265261129996361 0.22795804999987013 0.2280233550000048 0.22977261300002283
150 0.8081267982001009 5 0.8177585339999496 0.8185400570000638 0.8488578240003335 0.7762090430005628 0.7792685329995948
200 1.9096599705999324 5 1.8517058289999113 1.8795648420000362 1.8807224209995184 1.909833517000152 2.0264732440000444
250 3.7944083365999175 5 3.9613316309996662 3.9698331910003617 3.823928273999627 3.5925956099999894 3.624352976999944
300 6.3911374194001835 5 6.256111516000601 6.238089732000844 6.283699941000123 6.2746160529995905 6.90316985499976
350 10.931396670400137 5 10.901295034999748 10.757809654000084 10.999720636000347 11.06472075200054 10.93343727499996
400 16.10614226779999 5 16.45100295300017 16.291438154999923 16.566229906000444 15.558803011000236 15.663237313999161
450 22.89991127739995 5 23.436979345999134 22.615146150999863 22.388260210000226 23.521099258000504 22.53807142200003
500 30.890328278999913 5 30.363355006000347 31.253661701000055 31.01405679399977 29.941190869999446 31.87937702399995
