50 0.011272160400403663 5 0.011101331001555081 0.011562760002561845 0.01125778099958552 0.01143027199577773 0.01100865800253814
100 0.025524392200168222 5 0.024887614999897778 0.02595177300099749 0.02544145900174044 0.026700403999711853 0.02464070999849355
150 0.04661198440007865 5 0.046755854004004505 0.04695813400030602 0.046591152997280005 0.04681538300064858 0.04593939799815416
200 0.07711161100160098 5 0.07750959400436841 0.07766704700043192 0.07577945799857844 0.07800920600129757 0.07659275000332855
250 0.12219861820049119 5 0.12242743399838218 0.1236532620023354 0.12104968700441532 0.12123440000141272 0.12262830799591029
300 0.1869020318001276 5 0.18739619400002994 0.1875736180008971 0.18747995100420667 0.18802316799701657 0.18403722799848765
350 0.2842699552013073 5 0.3003755470053875 0.28148657899873797 0.28130457200313685 0.27779004300100496 0.2803930349982693
400 0.40362853359984 5 0.4003633489992353 0.40738757800136227 0.40237232799699996 0.40237867800169624 0.40564073499990627
450 0.5371513495992986 5 0.5379002269983175 0.5381147539956146 0.5372458650017506 0.5388696329973754 0.5336262690034346
500 0.6924676135968184 5 0.6887687769994955 0.6828576689949841 0.7058000999968499 0.6883592449958087 0.6965522769969539
